124.862129211 1.42680744375e-06
101.305397034 6.11034408848e-07
118.963493347 6.87730505433e-07
130.621170044 1.52120151142e-06
103.16040802 8.72449334111e-07
93.9143676758 5.23195069491e-07
112.770111084 9.25730944346e-07
99.6483230591 7.43956718452e-07
109.751174927 1.55040356731e-06
119.406105042 1.08041922431e-06
126.988929749 6.90432898409e-07
106.348266602 1.55391876433e-06
100.944221497 7.87168573879e-07
127.65801239 8.53159235703e-07
123.123573303 7.65231277455e-07
120.137046814 1.54600661517e-06
110.538787842 8.02250553988e-07
123.978630066 1.00732677311e-06
121.359222412 8.24581434244e-07
103.235778809 1.32843729261e-06
129.821166992 9.62869307841e-07
95.6452102661 9.53208484589e-07
119.494773865 7.58574856263e-07
116.449989319 7.61961018725e-07
103.167770386 1.06962033897e-06
105.566291809 7.37933248729e-07
124.703262329 7.04972251242e-07
97.2096786499 5.86722705975e-07
90.8922424316 8.24347353046e-07
111.797073364 1.09219331534e-06
104.325897217 9.19965657431e-07
111.852035522 9.95699110717e-07
122.795501709 7.36560878067e-07
129.191040039 1.05674951101e-06
121.645133972 1.47010769069e-06
100.408790588 5.68609721086e-07
106.777206421 8.93968035598e-07
113.641921997 1.0717819805e-06
103.937065125 1.5193852505e-06
96.5283432007 1.26297027236e-06
100.268226624 1.03866739209e-06
101.884269714 6.07088963989e-07
108.622451782 1.42962733207e-06
106.256622314 1.63940148923e-06
108.632202148 1.02140211311e-06
97.0927124023 9.41304506341e-07
127.46698761 1.1163574527e-06
91.5921096802 8.70403766839e-07
98.388671875 1.05817468921e-06
92.6791305542 1.13066118956e-06
108.750511169 6.59578120121e-07
129.180206299 1.32387572194e-06
122.394706726 1.19742196603e-06
110.97240448 6.82684685671e-07
108.587043762 1.32339300762e-06
103.422241211 4.43949659257e-07
100.431686401 6.47833985568e-07
112.293159485 7.17049601917e-07
104.418052673 9.75228999778e-07
130.799575806 8.17051272861e-07
106.567848206 5.66424546378e-07
120.031600952 7.71782083575e-07
114.528297424 1.0602865359e-06
117.782814026 8.45989916343e-07
108.477958679 7.19004901839e-07
123.303207397 1.14007048069e-06
104.284820557 6.69631901928e-07
89.6206207275 1.09500467715e-06
119.071250916 8.73318640515e-07
120.45639801 1.19517346775e-06
123.222770691 1.45220701597e-06
122.170829773 7.23123662283e-07
109.456130981 9.73802002591e-07
95.7629776001 5.96099653194e-07
102.395492554 9.90442345028e-07
106.510612488 8.69192774644e-07
95.5620956421 9.37135382628e-07
125.628288269 1.21970708733e-06
124.778419495 7.43676650927e-07
93.1985931396 6.70604094921e-07
118.061653137 1.34399749641e-06
112.165283203 8.27343740184e-07
112.664398193 5.72783164898e-07
120.783798218 9.97921915769e-07
106.246406555 1.18345781175e-06
105.226463318 1.1590353779e-06
98.6745758057 9.75150328486e-07
124.36945343 1.69875170286e-06
97.0230789185 9.32480361371e-07
122.576690674 1.29845329866e-06
101.548721313 7.96614131104e-07
100.586784363 6.42033342046e-07
124.247558594 9.89035015664e-07
119.204750061 7.68849531596e-07
107.57019043 5.39525501608e-07
106.513633728 1.12688280751e-06
127.01486969 7.68336064993e-07
97.8957366943 5.4097085922e-07
86.4208526611 4.85311886678e-07
115.720603943 1.02819490166e-06
104.525878906 1.05285948848e-06
99.000541687 1.15389991606e-06
110.44367218 8.16396436676e-07
96.6964950562 5.50718823433e-07
129.407424927 1.30659441311e-06
116.23626709 7.16202009698e-07
92.6112976074 6.19987304162e-07
119.644714355 7.36343338303e-07
104.603096008 6.97585505804e-07
123.453620911 1.09454504127e-06
105.837745667 6.1060097778e-07
110.447319031 1.73543196524e-06
134.158187866 1.17553156542e-06
115.772666931 6.80292544075e-07
134.596343994 1.74961735411e-06
105.836776733 8.6801804855e-07
106.729644775 5.46813623714e-07
111.636375427 1.41060627357e-06
117.830474854 6.97505697644e-07
111.535087585 7.58446788041e-07
103.910995483 7.5257116805e-07
107.255752563 7.89363980402e-07
105.948738098 1.11033182293e-06
103.625106812 7.95718847257e-07
133.244537354 9.94473566607e-07
118.547363281 1.56127009632e-06
97.6901626587 9.17345971629e-07
121.812667847 1.51159758843e-06
104.913703918 5.90247225318e-07
88.5575256348 5.29045962594e-07
116.48538208 6.79014135585e-07
119.382293701 7.53551375965e-07
120.976928711 8.65066112965e-07
90.8041915894 6.6881790417e-07
108.901786804 1.55000248014e-06
111.00566864 1.57747001595e-06
102.098068237 7.45629449739e-07
119.716567993 6.47579327051e-07
109.242980957 8.25551126127e-07
102.032341003 5.40136966265e-07
102.605903625 5.7942378362e-07
108.576324463 1.07663993276e-06
109.530479431 7.8105256307e-07
116.458145142 1.37511574394e-06
128.666778564 1.61025104717e-06
126.855300903 8.61101113969e-07
122.619720459 1.013760766e-06
107.260253906 7.9538585851e-07
118.199020386 7.60886393891e-07
103.478507996 5.16930754202e-07
126.749717712 1.55213683684e-06
98.7439346313 1.41659609199e-06
114.801589966 1.22634526178e-06
100.431434631 1.36390576699e-06
97.9950027466 1.28064584715e-06
120.573013306 1.39697783652e-06
127.642715454 1.16065564271e-06
110.876777649 6.24335541488e-07
106.880638123 8.97290647117e-07
110.42288208 7.49497360175e-07
111.340934753 7.37025231956e-07
96.5824432373 8.77268291788e-07
118.02532959 5.05552748109e-07
110.376701355 1.31622675781e-06
120.757156372 1.36062431011e-06
110.891021729 6.73968941101e-07
129.211654663 9.68006816038e-07
107.535850525 7.03317994066e-07
105.837417603 8.4799518163e-07
100.81061554 9.03907618977e-07
112.423568726 9.09711843633e-07
122.888969421 1.29024817852e-06
105.647766113 5.26111875843e-07
137.423400879 1.79090272923e-06
112.417350769 8.19928516194e-07
103.959915161 1.12036389055e-06
104.250991821 8.02047793513e-07
110.276191711 5.0838656307e-07
101.898765564 9.63018010225e-07
105.084136963 8.1099608451e-07
115.699195862 1.22138180814e-06
117.576324463 7.82996437465e-07
119.458984375 7.68508471083e-07
103.037559509 8.37868583403e-07
100.129867554 7.12271912562e-07
93.3817596436 7.9465729641e-07
128.929595947 7.45813110825e-07
99.9898071289 7.4866312616e-07
114.214279175 5.92615720052e-07
123.810432434 1.19515345887e-06
112.503356934 1.15541638479e-06
114.691116333 1.82698124718e-06
111.500900269 6.7542407578e-07
103.71963501 7.80259824751e-07
115.507148743 1.2365837847e-06
109.211639404 6.61725607642e-07
94.6827926636 8.58954706473e-07
124.34211731 1.53057862917e-06
106.398536682 7.38629523767e-07
86.5429534912 4.7706572559e-07
109.039245605 9.76262526819e-07
115.530792236 7.65573645367e-07
113.231903076 6.62542902319e-07
118.648429871 1.23003576391e-06
117.839782715 9.64673859016e-07
106.30304718 1.05766469005e-06
109.263748169 1.07876508082e-06
94.6261444092 8.04431181223e-07
123.289535522 1.05403887574e-06
112.898796082 7.31501756945e-07
112.053077698 6.91878653925e-07
126.384483337 1.05630510916e-06
113.348831177 1.02228921151e-06
125.367454529 1.82122585102e-06
102.861061096 1.00923023183e-06
129.058746338 9.67511141425e-07
122.275848389 7.51322659198e-07
106.783889771 1.29215300149e-06
105.989372253 9.07007461137e-07
111.982803345 6.53913957649e-07
106.314491272 1.3519767208e-06
98.8185882568 9.42973542806e-07
127.760902405 1.04731930151e-06
118.704017639 1.06564868929e-06
112.385604858 7.8016205407e-07
106.103767395 9.38058065003e-07
96.8686523438 8.53648941757e-07
98.3536834717 1.09331779186e-06
112.795906067 7.66230755289e-07
114.652961731 1.03015190689e-06
114.90461731 1.69831889707e-06
90.2674407959 4.89791830205e-07
110.71131897 1.32354011839e-06
120.720657349 1.47152127283e-06
109.876174927 6.65387631216e-07
103.872367859 5.53886877697e-07
108.345191956 1.33667435875e-06
99.3502655029 1.02700380467e-06
122.588371277 1.16686555884e-06
122.369476318 1.58343300427e-06
108.283790588 5.93695290263e-07
117.275947571 1.22760218346e-06
103.559822083 8.19759804926e-07
103.031364441 5.94568803081e-07
115.320053101 6.07084359672e-07
125.377410889 1.4495672076e-06
119.563995361 9.76760929916e-07
106.797454834 6.88538193572e-07
100.820594788 6.20201888069e-07
120.848777771 8.42600059059e-07
121.968574524 8.80000300185e-07
107.300514221 9.66832089944e-07
108.693824768 1.0621349702e-06
123.861312866 1.01690875454e-06
102.69732666 9.08377330688e-07
112.88167572 8.74993702382e-07
124.460639954 1.80270080818e-06
108.400657654 6.5316129394e-07
120.927970886 1.02754131603e-06
118.658187866 8.28515794637e-07
118.797546387 1.27344549128e-06
87.3679885864 4.32765318692e-07
111.528511047 7.09997948434e-07
105.135429382 9.74529939413e-07
102.955566406 1.12468160296e-06
111.251159668 7.07014805812e-07
105.506813049 8.48258935093e-07
113.704498291 1.17294700885e-06
121.094200134 7.15018018127e-07
121.38256073 1.50763094098e-06
125.327659607 8.80200332176e-07
94.0756607056 5.30212332706e-07
117.058799744 7.75150283516e-07
122.871116638 1.01097941752e-06
96.3815994263 5.88107639032e-07
122.722846985 1.07722098619e-06
106.754295349 5.05961679664e-07
100.096580505 7.72090118062e-07
107.629135132 1.29390241455e-06
135.728530884 1.67908581261e-06
118.801063538 8.79217054717e-07
98.075843811 7.62568163282e-07
123.207542419 1.02282365333e-06
101.489471436 1.13871146823e-06
114.382385254 1.24686062009e-06
114.817802429 8.39262384034e-07
88.5456771851 8.51969275573e-07
115.754508972 1.09400468773e-06
112.969940186 6.70804524816e-07
108.060768127 8.94101560789e-07
110.653060913 1.38953623718e-06
111.196304321 6.9751376941e-07
109.275871277 1.04789421584e-06
92.4354705811 9.52776815666e-07
133.201782227 8.17298086986e-07
98.4790267944 5.43558144273e-07
110.16759491 5.58918998195e-07
96.292427063 9.62698322837e-07
103.902755737 1.02954777503e-06
100.398361206 1.11189217478e-06
123.503074646 1.59030560098e-06
100.754486084 7.3423655067e-07
100.581008911 7.98614451014e-07
109.093177795 1.0473452221e-06
107.680252075 6.51255163575e-07
92.0220108032 6.53413280816e-07
134.606781006 1.65509436556e-06
125.419975281 7.90087085534e-07
104.5651474 7.06101673131e-07
116.087005615 1.53656583279e-06
116.795959473 1.31615502141e-06
108.726737976 1.00050897345e-06
113.928886414 7.30595161258e-07
116.715896606 1.47559546804e-06
99.7203292847 6.83436041982e-07
103.479225159 9.80679715212e-07
119.736083984 5.94403445575e-07
104.786247253 1.53278165271e-06
109.251304626 6.13152280948e-07
123.044303894 1.60847082498e-06
110.622322083 1.77398396772e-06
113.484054565 1.08606297999e-06
111.081680298 6.19892716713e-07
100.900466919 7.90698265973e-07
99.5325469971 7.40306177249e-07
107.023750305 1.29112481773e-06
114.79624939 1.51814288074e-06
102.079666138 9.956120266e-07
106.320907593 6.75948911066e-07
105.141601562 5.02054376739e-07
98.9346466064 6.89841442636e-07
124.276779175 8.31453917272e-07
94.0268936157 7.37916082016e-07
120.707176208 1.16012790841e-06
88.123260498 6.12518135767e-07
127.613700867 8.04270825938e-07
114.403274536 1.28076226247e-06
103.260162354 9.56356075221e-07
85.8817520142 7.11416419108e-07
112.695236206 1.08340009319e-06
110.292160034 7.70502140313e-07
115.964607239 1.41807345244e-06
119.686416626 1.52034101575e-06
102.982337952 7.79520746619e-07
92.4773712158 6.63954779156e-07
101.445716858 8.43042926135e-07
131.112838745 1.99637247533e-06
119.598594666 7.83511154623e-07
123.632614136 1.21389598462e-06
96.6714324951 1.31503986722e-06
120.646003723 1.24057351059e-06
106.823883057 7.6737018162e-07
112.169631958 6.66190601351e-07
115.942092896 6.82411098296e-07
87.0309295654 1.22507515243e-06
98.31980896 1.07964422114e-06
105.116325378 6.77992375131e-07
117.361572266 8.14068357613e-07
113.676589966 9.5606026207e-07
112.206382751 8.80331697317e-07
128.419265747 1.42526994296e-06
111.270530701 5.69270468986e-07
119.398773193 5.86389205637e-07
121.94733429 1.34014851483e-06
113.60383606 4.61982779143e-07
97.9406356812 9.31094007228e-07
103.461257935 9.03353623016e-07
83.3590316772 1.13434191462e-06
93.9984512329 4.26553015132e-07
100.390602112 7.81848370934e-07
117.545860291 7.21658807379e-07
125.668586731 1.0017851082e-06
98.9491271973 5.08709092628e-07
119.406173706 7.3657173516e-07
118.996322632 1.22702874705e-06
103.536254883 5.06586843585e-07
107.208404541 5.82561312967e-07
102.590255737 8.51292099924e-07
97.7148132324 9.33100125167e-07
118.742950439 1.09497818812e-06
108.207473755 8.98428140772e-07
94.5581665039 5.26451231053e-07
98.9420928955 8.3612275148e-07
119.510536194 7.25121594769e-07
130.447113037 1.4153660004e-06
123.995132446 1.25439089516e-06
116.692359924 1.16119861104e-06
109.138702393 6.4749451667e-07
98.7314605713 7.27510553133e-07
107.1065979 6.91276284215e-07
114.115501404 6.38783205886e-07
118.039505005 1.45989349676e-06
98.1405792236 5.27366069036e-07
129.664825439 1.47204775658e-06
104.480232239 8.19906972538e-07
112.054496765 1.00931595171e-06
124.190490723 8.34633397062e-07
113.625022888 8.70567589573e-07
99.152671814 1.42316218898e-06
130.773239136 1.49867946675e-06
109.193832397 1.12591180823e-06
109.697616577 8.85089036728e-07
91.7856369019 8.69887799126e-07
116.765228271 7.85300130701e-07
113.21031189 1.30317232561e-06
136.697067261 1.40069482768e-06
125.632423401 1.04555260805e-06
124.421264648 1.11222482246e-06
118.045188904 1.32143486553e-06
113.45816803 1.51184474362e-06
92.096321106 1.08640767849e-06
118.627357483 1.43306806422e-06
109.150375366 5.6398249626e-07
102.818313599 1.0411039284e-06
127.715194702 1.06766685803e-06
98.5883407593 9.65000140241e-07
99.9971618652 1.15240266041e-06
113.902687073 6.76925992593e-07
98.8478393555 1.02284093373e-06
120.193664551 1.71299063823e-06
102.001434326 1.00742897757e-06
98.5284805298 5.90610511608e-07
113.803230286 9.51024048845e-07
107.636039734 5.25555719832e-07
121.107666016 8.0987479123e-07
99.9954299927 7.42935981179e-07
109.940963745 6.10846257132e-07
130.537094116 1.22143956105e-06
111.825660706 1.2804285916e-06
120.81791687 1.31342494569e-06
93.6641921997 7.70505039327e-07
94.7078018188 7.06650723714e-07
116.299926758 1.77975402949e-06
112.380508423 1.16950661777e-06
114.455383301 1.07603943889e-06
98.7828521729 7.85615213772e-07
97.8453216553 6.34303319202e-07
110.435661316 6.29948999631e-07
99.7392730713 9.24338110053e-07
117.325790405 9.12955499643e-07
120.587471008 9.83214818007e-07
115.668296814 9.21350363114e-07
93.2597427368 4.86732858462e-07
121.137329102 1.74227511707e-06
98.9379959106 6.34884827377e-07
105.964004517 5.56274414976e-07
126.465171814 1.84959685612e-06
110.298568726 5.21476181348e-07
128.877563477 1.11699341687e-06
131.468933105 1.79172798198e-06
129.041900635 8.41354619752e-07
123.753166199 9.85083261185e-07
122.116378784 1.02145759229e-06
91.1062240601 6.92467381214e-07
117.504379272 9.93133539851e-07
109.728683472 5.47401782569e-07
121.108322144 1.23778625039e-06
105.678535461 5.6632450196e-07
100.691314697 1.05488209101e-06
121.575675964 1.06021434476e-06
95.6129760742 8.9854182761e-07
122.036872864 8.25602626264e-07
105.064682007 4.75125261801e-07
97.6407394409 4.6974327006e-07
90.7315979004 4.65787422854e-07
122.593742371 7.80110383403e-07
114.416885376 8.02339911843e-07
129.234573364 9.06881609808e-07
113.139625549 1.27779355807e-06
95.898979187 6.68418351779e-07
101.299453735 1.02303749827e-06
106.427833557 5.66614914987e-07
133.199295044 9.358935813e-07
103.266677856 1.00884562926e-06
129.950927734 1.74990987034e-06
115.019592285 1.96212022274e-06
99.4688644409 6.79910897361e-07
90.6854705811 4.65303429564e-07
105.765274048 9.43593249758e-07
111.781295776 1.29474744881e-06
86.4725036621 9.28946747081e-07
96.8805541992 1.08056133286e-06
105.39541626 1.24886094e-06
107.226928711 9.37049037475e-07
109.413215637 1.16588967103e-06
94.6866912842 1.11593840302e-06
102.573646545 6.85291752234e-07
96.8333816528 1.04024081793e-06
125.472488403 1.02044486994e-06
110.339958191 7.17190857813e-07
122.10799408 7.60892078233e-07
115.478538513 6.73623617331e-07
100.15561676 1.20593074371e-06
109.984901428 7.27168014691e-07
108.049339294 7.41440828733e-07
83.6147537231 5.84141616855e-07
121.957588196 1.17086335649e-06
112.668891907 8.6064540028e-07
121.264083862 1.23432175769e-06
108.400978088 5.77698756388e-07
127.629669189 9.89435420706e-07
114.036499023 1.20470406273e-06
124.332450867 1.39767087148e-06
98.7711029053 7.93730578152e-07
122.864517212 7.25934796719e-07
119.515487671 6.76348292927e-07
129.312179565 1.24190808037e-06
111.067710876 7.61358762702e-07
117.546562195 7.7708699564e-07
116.460968018 1.1686823882e-06
111.586898804 1.66952327163e-06
101.00038147 9.52473271809e-07
118.28276062 9.11357005862e-07
114.724861145 1.41116925079e-06
122.005607605 7.7884158145e-07
112.181152344 1.02675494418e-06
113.085502625 7.79339586643e-07
102.330093384 8.16686281269e-07
103.470321655 5.78163678711e-07
111.562828064 1.05042954601e-06
107.668251038 6.93601066359e-07
129.759490967 1.51614676724e-06
89.1461715698 8.9413532578e-07
101.909805298 1.14069291612e-06
97.1023330688 6.83311782268e-07
102.171455383 1.28405167743e-06
121.231033325 1.10015582777e-06
107.42023468 6.06055891694e-07
113.558563232 9.73445594354e-07
109.398208618 6.48789239222e-07
95.9630050659 4.41460372258e-07
109.592071533 4.97404641919e-07
99.5200881958 6.05541458754e-07
97.8347473145 5.58915417059e-07
113.656349182 5.91144612372e-07
109.324562073 6.00564248998e-07
112.616790771 7.58978387694e-07
99.9049530029 8.12979124021e-07
111.818145752 8.73090812092e-07
122.740249634 1.12103430183e-06
126.036827087 1.64557411608e-06
107.892807007 6.85311704274e-07
124.513198853 1.31719627916e-06
129.707519531 2.10108714782e-06
105.026237488 6.90488263899e-07
103.074249268 7.37660002414e-07
112.875991821 1.39646977004e-06
114.114372253 8.89029251994e-07
117.695510864 6.16338581949e-07
125.625595093 1.22428696159e-06
126.092094421 1.07577886865e-06
95.8508911133 1.07038590613e-06
121.089019775 1.10813107312e-06
112.452522278 1.06072945982e-06
100.142120361 6.46503963253e-07
114.500694275 7.07077163042e-07
97.8077316284 5.95437938955e-07
114.795005798 7.09956680112e-07
116.417259216 5.99133898049e-07
104.351142883 6.5624067247e-07
109.2891922 6.66131256821e-07
130.277297974 1.32379432216e-06
109.367103577 1.0625071809e-06
114.528015137 1.46393040268e-06
118.670303345 1.4109134554e-06
111.3279953 8.35141747757e-07
126.534187317 8.29592636364e-07
114.734176636 5.06362027863e-07
97.8107147217 9.57991005635e-07
118.661079407 7.61829028306e-07
107.165435791 1.24033056181e-06
97.4778366089 4.37144819898e-07
123.108573914 8.80755692378e-07
103.572776794 1.00637453215e-06
111.996917725 1.23916049688e-06
118.205429077 1.23661948237e-06
114.13886261 6.40306438981e-07
124.237258911 1.34658489515e-06
111.026992798 1.67709754351e-06
112.988388062 7.1997789064e-07
108.099769592 5.59091063224e-07
103.912437439 9.19906312902e-07
93.0210494995 1.14946658414e-06
100.374198914 5.2015758456e-07
118.553817749 8.49623063459e-07
132.024307251 1.57292504355e-06
104.998916626 1.08874701255e-06
103.055274963 1.71509907432e-06
108.111198425 9.59188469096e-07
127.749237061 1.62282276506e-06
134.839645386 1.25965243569e-06
100.611747742 7.22676759324e-07
117.326766968 1.46830461745e-06
120.09879303 9.53728203967e-07
118.760871887 8.28373970307e-07
104.886207581 1.16646265269e-06
115.209815979 1.08100164198e-06
112.232307434 6.59832494421e-07
105.976470947 1.63794948094e-06
108.961891174 7.8524425362e-07
120.814682007 8.60837587879e-07
118.488075256 9.04807563984e-07
118.173339844 1.07540381578e-06
127.649513245 8.56811936956e-07
107.307312012 5.53415702598e-07
102.980895996 8.04326987236e-07
113.926025391 7.21987305496e-07
109.155067444 1.40161716899e-06
105.688774109 6.96817437529e-07
115.865776062 9.93213689071e-07
104.160575867 8.24296023438e-07
109.355018616 8.7049721742e-07
124.76525116 8.18346507003e-07
96.1135787964 7.74772843215e-07
125.097801208 1.03596357803e-06
106.33215332 8.89251339231e-07
108.447769165 1.04596040273e-06
118.559364319 8.36445394725e-07
97.9524307251 1.2439445527e-06
121.598800659 8.33112096643e-07
109.307495117 1.21757318539e-06
125.573905945 7.38468486361e-07
118.722991943 8.43858344979e-07
107.109802246 1.47852949794e-06
117.846321106 7.4189301813e-07
106.716339111 7.31029729195e-07
114.600341797 8.48935201248e-07
88.339553833 4.63294696829e-07
97.2136383057 7.61608760058e-07
120.569763184 8.26013149435e-07
122.346977234 1.51151652972e-06
121.494682312 9.19920523756e-07
111.849349976 1.2922660062e-06
106.404045105 7.4912816217e-07
101.931602478 4.99708335155e-07
113.437187195 1.62286005434e-06
119.661407471 1.07939843019e-06
113.435089111 9.35415357617e-07
111.946624756 6.21838069037e-07
98.0356826782 7.98602684426e-07
110.879425049 9.8162888662e-07
119.321769714 9.28506665332e-07
99.2348175049 4.27834152106e-07
105.199111938 1.21098605632e-06
103.926521301 8.3908525994e-07
128.879852295 1.82433188911e-06
114.042778015 5.70153815715e-07
125.674484253 7.97936763774e-07
119.038070679 8.07019716831e-07
123.610031128 9.47043361066e-07
112.853553772 1.56314956712e-06
127.466415405 1.0308151559e-06
96.8800354004 7.29994667381e-07
113.086334229 9.47794546846e-07
102.365692139 1.13965722903e-06
112.156684875 1.11351539545e-06
119.49622345 6.89253624842e-07
135.038085938 1.10857422442e-06
125.51802063 1.72222507899e-06
130.463424683 9.39218125495e-07
125.648895264 1.93563050743e-06
119.264762878 5.92240439801e-07
122.452629089 1.03725642475e-06
115.092185974 6.69574717449e-07
122.891220093 7.39476831768e-07
119.063308716 1.03361321635e-06
105.266204834 6.96885649631e-07
125.819656372 1.23346069358e-06
127.520011902 1.37961228575e-06
122.049171448 6.67936433274e-07
132.366439819 2.03742638405e-06
116.340988159 7.89807245383e-07
121.484344482 1.3964606751e-06
114.435165405 5.87722979617e-07
127.134544373 7.5857479942e-07
87.7739181519 8.41237067561e-07
122.123062134 1.13538987989e-06
86.3427658081 6.05802483733e-07
109.600189209 5.78487913572e-07
98.3027801514 4.85221391955e-07
112.778030396 6.31811587937e-07
100.817718506 7.43508337564e-07
97.8587799072 5.42856867014e-07
118.868461609 1.2774581819e-06
109.174423218 1.02866454199e-06
110.465255737 1.08140511657e-06
105.142868042 8.6749764705e-07
89.2685089111 1.21517143725e-06
111.757820129 5.63872504245e-07
103.725326538 1.1111759477e-06
123.316497803 8.61679836817e-07
102.417953491 6.69738426495e-07
90.9344711304 6.28791838153e-07
94.8286590576 1.05661888483e-06
108.453323364 1.23643485495e-06
111.453887939 1.30934699882e-06
108.031776428 1.48721426285e-06
125.378959656 7.11893278549e-07
115.896347046 6.32377577858e-07
94.7707824707 6.7477247967e-07
118.035079956 1.61760920037e-06
115.461997986 1.14395106721e-06
109.307510376 9.57368797572e-07
116.184211731 7.76489059717e-07
96.8696594238 7.41603855658e-07
104.19947052 6.35223614154e-07
116.514801025 1.07970936369e-06
115.538208008 1.13916576083e-06
130.979827881 1.30667149278e-06
103.025909424 8.26749499083e-07
110.85068512 6.7387082936e-07
90.1175689697 1.23536790397e-06
115.510536194 1.07224343537e-06
107.505302429 7.11308189238e-07
122.09287262 8.30419082831e-07
106.106811523 8.84065627815e-07
118.535614014 1.7378680468e-06
115.144721985 1.26212444229e-06
124.370246887 1.17060596949e-06
111.483131409 6.69644123263e-07
104.049133301 8.31355691844e-07
90.8390197754 7.4390430882e-07
87.4606323242 1.06762240648e-06
109.92212677 9.37570746373e-07
105.472106934 1.26636518871e-06
95.9478149414 8.81223513716e-07
116.622955322 7.40133089039e-07
117.656784058 5.97468783781e-07
122.185585022 8.57243207975e-07
103.863365173 6.76053673487e-07
109.455001831 1.44799139434e-06
135.80821228 1.21715231671e-06
117.3436203 1.03673721696e-06
99.6201095581 8.69565212724e-07
100.445701599 8.61979458477e-07
125.184501648 1.42045632856e-06
122.971206665 9.60105012382e-07
101.337776184 1.10482972104e-06
108.980010986 8.59911722273e-07
106.308952332 1.32632192162e-06
108.473587036 1.75636296262e-06
114.020606995 1.06228833374e-06
108.779541016 1.12397606244e-06
95.8738327026 5.13461543505e-07
113.524414062 5.21170591128e-07
95.8075027466 6.73837064369e-07
107.241996765 7.141363767e-07
89.6386871338 4.0338224494e-07
121.467796326 9.89608452073e-07
100.285423279 8.14734619325e-07
113.601005554 1.49659047111e-06
109.868728638 7.30434521756e-07
106.181312561 1.20497736589e-06
112.351646423 7.88384511452e-07
126.477043152 1.21230448258e-06
88.3736495972 7.00347811744e-07
105.485054016 1.1584116919e-06
120.092208862 7.96071049081e-07
107.575569153 1.30753903704e-06
115.058883667 1.02933529433e-06
113.761070251 6.94460538853e-07
121.049423218 9.18918033221e-07
102.747566223 7.87787598711e-07
103.225509644 5.66398568935e-07
106.573486328 1.22244671275e-06
119.36806488 8.95243715604e-07
116.683769226 5.02801469793e-07
103.578392029 1.24171629068e-06
104.153297424 7.91208549344e-07
133.638442993 1.44365913002e-06
110.164337158 6.86474265876e-07
129.59475708 1.18962987017e-06
120.481712341 1.27211615109e-06
102.295677185 6.36308641333e-07
129.176086426 7.39109736969e-07
130.567214966 1.74846627488e-06
105.945838928 9.32414536692e-07
109.111549377 8.57502982399e-07
94.4789581299 7.56370013733e-07
121.909111023 7.89257910583e-07
90.3956985474 1.08059964532e-06
99.9430160522 8.98059965948e-07
123.510772705 1.22041842587e-06
104.643836975 1.42287399285e-06
103.790267944 6.69378721341e-07
119.746055603 1.37651488785e-06
102.652397156 9.8190105291e-07
117.824981689 8.02006184131e-07
106.808502197 5.53109657631e-07
104.743087769 7.4769695857e-07
119.920120239 1.32871491587e-06
113.983917236 8.27518135793e-07
111.153717041 8.53301912684e-07
123.072891235 8.92069238034e-07
102.073944092 1.11449287488e-06
111.766616821 1.06661298105e-06
114.697822571 8.82859353624e-07
110.718788147 1.06273193978e-06
107.571022034 9.5385860277e-07
102.741142273 8.38315884266e-07
127.502258301 1.00230579392e-06
99.2547836304 6.91278785325e-07
136.09803772 1.38286759466e-06
105.094169617 5.90796446431e-07
106.860847473 1.13168209737e-06
113.695075989 7.92133789673e-07
105.379043579 6.03531304932e-07
132.373596191 1.76831929366e-06
112.829490662 9.58016130426e-07
100.354179382 7.62858235248e-07
123.277114868 9.37155618885e-07
109.509315491 7.21914773294e-07
86.2394943237 9.62662738857e-07
121.812438965 1.23687220821e-06
98.5927200317 8.04171691016e-07
128.437088013 1.15086538699e-06
115.496261597 1.34391041229e-06
113.085479736 8.78516686953e-07
130.962265015 1.72953286892e-06
116.384399414 5.84927420277e-07
127.608604431 1.18531306725e-06
113.684333801 1.39003520871e-06
118.116363525 1.7624023485e-06
140.312438965 1.54287022269e-06
104.766471863 1.02946194147e-06
109.772994995 7.79867150413e-07
119.944038391 6.64613367007e-07
108.04397583 5.4310470432e-07
109.75328064 1.37158667712e-06
102.535018921 1.07988569198e-06
112.590957642 7.38412154533e-07
106.313735962 1.14088584269e-06
106.038787842 8.33928197608e-07
124.017494202 1.03569971088e-06
96.9077301025 6.62543982344e-07
125.740379333 1.25131350615e-06
106.674163818 7.39692893603e-07
106.92603302 6.39465156382e-07
120.139411926 1.35080563268e-06
117.131393433 1.37508232001e-06
106.848831177 1.07710320663e-06
119.413566589 1.58216857926e-06
123.810401917 1.43096053762e-06
117.91355896 5.17288640367e-07
109.08769989 1.63673962561e-06
103.140007019 7.2506890092e-07
113.657577515 6.85287602664e-07
114.69052887 6.01879889928e-07
129.638839722 8.23181210308e-07
122.793838501 1.64076413967e-06
126.866378784 8.19325066459e-07
119.847145081 8.51701202009e-07
105.598442078 7.04617775682e-07
123.359458923 1.0229802001e-06
105.521560669 8.37059076275e-07
115.804519653 9.75397256298e-07
107.689056396 7.5857514048e-07
109.144073486 1.20156096273e-06
106.613571167 8.20746038244e-07
98.8675308228 5.93100594415e-07
135.639190674 9.91723595689e-07
100.24785614 1.05736955902e-06
123.778999329 9.56767166826e-07
109.983596802 9.2317520739e-07
121.048522949 8.1422808762e-07
102.554466248 1.22779260892e-06
102.54258728 5.70918132325e-07
122.099235535 6.4133990918e-07
101.509635925 5.0401615681e-07
113.232528687 1.01814816844e-06
103.025375366 1.14124122774e-06
102.506965637 1.219474143e-06
95.0362854004 8.89508783075e-07
116.19090271 1.58041905252e-06
113.831718445 1.16152989449e-06
109.672157288 1.25822066366e-06
121.804580688 1.83538224974e-06
110.761634827 9.35439004479e-07
123.212722778 9.23130755837e-07
131.625640869 9.50922412812e-07
110.89642334 7.71702048041e-07
119.139251709 9.51479307787e-07
113.6667099 8.04175385838e-07
103.638648987 1.24380812849e-06
116.716079712 7.52169171392e-07
109.826904297 6.47858257707e-07
111.357093811 1.00725048924e-06
101.149085999 6.98161841228e-07
120.212669373 7.1571122362e-07
119.788162231 8.8843313506e-07
96.6744537354 6.83919381572e-07
111.981575012 8.46341833949e-07
105.942970276 8.76581509601e-07
119.442649841 7.72612906985e-07
115.143493652 6.51379593819e-07
106.468734741 7.15340661372e-07
114.771850586 1.10634243811e-06
115.438545227 1.03783770555e-06
128.339874268 1.60462377607e-06
105.176902771 8.8867869863e-07
108.772239685 1.5393003423e-06
104.121116638 7.84050598668e-07
128.777145386 9.44623764099e-07
116.465530396 5.44482816167e-07
103.706550598 5.95876088028e-07
96.589050293 7.53999131575e-07
104.544174194 8.38152914184e-07
102.545684814 7.82187157711e-07
106.034423828 7.82534243626e-07
104.738433838 1.62311164331e-06
114.660324097 1.28150554701e-06
104.280853271 7.24197604995e-07
103.749893188 8.25255085601e-07
118.184242249 1.93490291167e-06
106.002662659 5.06606852468e-07
114.705581665 7.94819698058e-07
117.197975159 1.43521947393e-06
120.363220215 9.51060314947e-07
124.243530273 8.81809512521e-07
111.931350708 4.90671027364e-07
113.275878906 1.1681217984e-06
129.010726929 1.03707498056e-06
105.008628845 5.47776096482e-07
120.82182312 8.36841536511e-07
87.1301116943 7.55941186981e-07
117.387908936 8.79817207533e-07
110.193939209 7.23813400327e-07
120.279403687 1.25179428778e-06
124.085922241 1.39060989568e-06
105.963562012 9.70530663835e-07
101.328414917 7.68704921938e-07
108.95059967 7.23879225006e-07
117.795341492 1.41192481351e-06
119.574333191 1.08298388568e-06
117.950157166 7.5804791777e-07
102.872665405 7.09493633622e-07
96.109161377 4.90758338856e-07
101.970336914 1.14293436582e-06
95.2000274658 8.52990694966e-07
81.0759048462 6.16179590907e-07
100.106193542 5.16579632404e-07
130.131759644 1.19890637507e-06
113.605812073 8.1711260691e-07
107.556365967 9.41226460327e-07
108.351257324 6.66360620016e-07
109.770950317 8.18094747501e-07
110.820106506 7.89373643784e-07
108.349571228 6.89392663844e-07
110.515647888 6.03825981216e-07
127.466545105 1.07562414087e-06
108.27432251 8.03225930213e-07
106.716957092 6.26690905392e-07
122.779396057 8.24630944862e-07
93.5190429688 8.63967272835e-07
89.5160217285 5.64062872854e-07
107.762039185 7.88383431427e-07
116.847465515 9.86042437034e-07
114.306236267 1.04281286895e-06
124.395477295 9.06861259864e-07
106.223350525 7.14757334208e-07
122.779273987 1.03350782865e-06
103.766677856 8.47478531796e-07
98.2122573853 7.18898945706e-07
113.613220215 7.06722062205e-07
87.1171340942 9.02129158931e-07
119.084236145 1.24598091134e-06
106.309623718 8.36677543248e-07
105.750320435 5.0428815257e-07
111.732894897 7.7118079389e-07
98.4426193237 6.05819593602e-07
110.724739075 7.81039943831e-07
98.5030136108 4.41355950898e-07
117.067710876 5.89053342992e-07
95.8248596191 1.12203110803e-06
117.059524536 7.75136186348e-07
108.078422546 1.08841925339e-06
110.594543457 7.10038989382e-07
120.800750732 1.31512240387e-06
124.078994751 1.0883967434e-06
110.952011108 8.31938166357e-07
108.65776825 5.26611245277e-07
128.48097229 8.78542664395e-07
126.198234558 1.05196011191e-06
106.446273804 5.70427800994e-07
101.310852051 6.37222569821e-07
99.0634536743 1.03471177226e-06
132.992492676 8.67697792728e-07
114.25214386 1.11587144147e-06
106.616569519 1.82385736025e-06
97.0541305542 7.73971976287e-07
101.12853241 7.4240227832e-07
112.425567627 1.60506829161e-06
111.397064209 1.20037657325e-06
123.890068054 8.75157979863e-07
106.9193573 1.01969487787e-06
103.259727478 8.25436814011e-07
123.747566223 7.34990919682e-07
104.686767578 5.28516522991e-07
92.1836090088 9.56449753176e-07
124.976219177 1.27471832911e-06
123.492126465 8.22292122393e-07
112.469139099 7.03725845597e-07
116.41809082 1.03861066236e-06
116.9609375 7.92509979419e-07
99.2726135254 4.68681719212e-07
111.842826843 8.12740495348e-07
89.7813034058 1.21391224184e-06
99.5659866333 5.38330198196e-07
119.477348328 1.380898766e-06
94.1790084839 4.82851021388e-07
104.017967224 7.9150441934e-07
103.294540405 6.95425512731e-07
108.217926025 7.73381884756e-07
103.955299377 9.73310079644e-07
119.3176651 6.94218158515e-07
117.626174927 1.34527783757e-06
128.818481445 1.26781037579e-06
119.442947388 9.93103640212e-07
102.388053894 7.5344206607e-07
111.90007782 9.09694222173e-07
124.16469574 8.56970927998e-07
87.6109008789 6.95403230111e-07
113.995788574 1.18830791962e-06
96.8216934204 5.97294786076e-07
99.0578308105 8.30730186863e-07
113.647781372 8.69509051427e-07
120.159843445 1.65708820532e-06
122.076560974 7.75513228746e-07
89.7213363647 8.92539446795e-07
104.661819458 6.71840723498e-07
100.563812256 8.47356261602e-07
110.450637817 8.0668883129e-07
119.242301941 1.70477619577e-06
94.1400756836 8.16327428765e-07
108.450111389 1.07818470951e-06
96.1345291138 1.05189326405e-06
118.563667297 7.38256858313e-07
95.9811096191 1.08957158318e-06
117.612510681 9.47138119045e-07
99.1593093872 7.22518109342e-07
113.451118469 1.21082871374e-06
110.10559845 1.04817206648e-06
105.360115051 1.01969851585e-06
88.2984237671 4.56964841078e-07
114.779884338 7.86055011304e-07
100.737503052 8.44256817345e-07
104.280784607 7.97093321125e-07
120.448104858 8.6912370989e-07
94.1664123535 5.77158857595e-07
115.134475708 1.39129065246e-06
114.964485168 9.08212768991e-07
132.089080811 1.09963900741e-06
97.7314682007 9.77910190159e-07
88.0158081055 4.69168156769e-07
103.881065369 6.79643392232e-07
104.194236755 5.83475468829e-07
111.550109863 7.01416297488e-07
111.539894104 8.04171634172e-07
104.704902649 1.31041440454e-06
121.245529175 7.11151983523e-07
104.18447113 7.70409599227e-07
120.584518433 7.08683103312e-07
128.478713989 8.05023091743e-07
104.553001404 9.24360733734e-07
99.0199966431 6.34771197383e-07
102.573417664 1.5559133999e-06
114.990814209 1.18290176943e-06
106.642326355 1.17958836654e-06
90.5650405884 4.74902691394e-07
106.548988342 1.23454174172e-06
115.556884766 7.14154737125e-07
110.605621338 5.51425216599e-07
133.794311523 1.35308039262e-06
97.5072860718 7.49084620111e-07
103.456054688 8.75212094797e-07
87.3656311035 8.51460413287e-07
108.363418579 1.09548750515e-06
86.7645568848 7.20385230579e-07
109.387359619 1.24205780594e-06
130.026901245 1.35153800329e-06
127.774330139 1.32290756483e-06
112.913772583 7.48734237277e-07
113.186470032 1.1798616697e-06
84.889251709 7.01245312484e-07
110.50226593 8.32290311337e-07
100.66885376 1.40604390708e-06
111.663146973 1.20245590551e-06
100.442390442 9.58336386248e-07
116.490135193 8.03927036941e-07
119.460868835 8.52468474477e-07
128.733596802 8.0729137153e-07
108.650688171 6.95609571721e-07
89.3039474487 6.2444547666e-07
119.049980164 7.11974337264e-07
97.0474090576 1.22644030398e-06
118.554107666 6.75657304328e-07
97.1134796143 8.06914329132e-07
124.70275116 1.23228971916e-06
122.154586792 1.02998524198e-06
128.220596313 1.29046838993e-06
104.999641418 1.3100814158e-06
103.140480042 1.29638294766e-06
122.758468628 8.8356608785e-07
127.74294281 1.65303322319e-06
109.952476501 7.03606758634e-07
128.92779541 1.16663807148e-06
112.683029175 9.36657670536e-07
97.9703445435 5.42581176433e-07
129.236282349 1.01122759588e-06
122.300682068 1.27842849906e-06
91.2143783569 5.01480087678e-07
127.026016235 9.81756670626e-07
98.2817687988 7.65123161273e-07
131.887435913 1.30915759655e-06
117.904594421 1.23568065646e-06
128.939025879 1.93595019482e-06
116.785499573 9.49242860315e-07
116.962486267 1.29616500999e-06
122.957023621 8.04708861324e-07
96.1968765259 6.46035061891e-07
107.104003906 5.07490540258e-07
111.228614807 1.36883863888e-06
100.097717285 8.31457612094e-07
105.146156311 8.93432456905e-07
88.9000091553 8.68243375862e-07
119.293800354 1.23395443552e-06
91.4328308105 1.0975799114e-06
107.447761536 6.56003464883e-07
96.9524612427 5.43059911706e-07
105.881111145 9.84446160146e-07
110.76374054 1.51664596615e-06
130.996063232 9.30327416881e-07
104.380477905 6.3826070118e-07
116.26726532 9.72263251242e-07
93.4791641235 7.36068273e-07
121.490539551 1.43057218338e-06
96.217376709 5.27709175913e-07
120.68977356 9.93728349385e-07
120.811294556 1.13510179744e-06
108.183876038 5.81820017942e-07
114.531082153 1.06591369331e-06
83.1375350952 9.89426439446e-07
112.3019104 1.66407642155e-06
107.365463257 9.20235095236e-07
91.3285827637 7.33034653422e-07
102.087333679 1.21094524275e-06
91.8488082886 9.20620266243e-07
94.4658508301 6.13548593265e-07
123.682022095 1.49559082274e-06
110.160331726 7.57702139254e-07
88.1236953735 5.62842330964e-07
105.603515625 1.03881973246e-06
114.871803284 7.86762257121e-07
120.078796387 8.0485943954e-07
118.282440186 1.5504390376e-06
121.057548523 1.86968679827e-06
92.8670730591 8.91657464308e-07
112.585472107 1.13200962915e-06
120.336830139 7.7729049508e-07
114.042625427 7.69478106122e-07
130.482696533 1.82724318165e-06
99.9731750488 8.84972621407e-07
114.41558075 6.66279845518e-07
118.219841003 1.77215918029e-06
125.268280029 1.29468912746e-06
120.871002197 1.18587445286e-06
112.266181946 1.23689437714e-06
97.9104614258 4.6849962132e-07
115.390281677 6.89404259901e-07
121.918151855 1.67781308846e-06
108.475364685 1.18667094284e-06
109.236808777 1.26677696244e-06
124.328308105 1.17101853903e-06
133.559143066 1.32718867007e-06
96.3454589844 6.36864456283e-07
91.9315032959 1.01300565802e-06
95.541557312 1.15420959901e-06
123.010993958 9.05529702777e-07
123.972236633 1.09293091555e-06
124.667373657 1.24192649764e-06
115.560638428 7.32333546694e-07
111.900741577 9.47489979808e-07
121.937660217 9.39127744459e-07
94.4907455444 6.03706041602e-07
110.095237732 6.52956600788e-07
102.166618347 1.25070221202e-06
122.901985168 1.69241616277e-06
122.569618225 1.16688784146e-06
93.4543838501 1.05416563656e-06
102.352355957 7.29240412056e-07
132.763198853 1.04426374037e-06
108.155647278 1.16168564546e-06
120.562057495 6.38288383925e-07
110.895027161 9.76188516688e-07
126.383010864 9.11859729058e-07
89.4351654053 1.06101697384e-06
113.932159424 1.16152432383e-06
117.262107849 1.20048764529e-06
120.788505554 1.04582670701e-06
127.228569031 1.17839249469e-06
104.742027283 6.11088410096e-07
114.03818512 1.41832413192e-06
128.154586792 8.44912449338e-07
101.443588257 6.82584186507e-07
114.469573975 1.30835974232e-06
112.856460571 1.03699665033e-06
109.821121216 5.36622849268e-07
104.556213379 8.28633119454e-07
103.132751465 1.40559393458e-06
127.293960571 1.36913797633e-06
107.724822998 6.49106084438e-07
106.108436584 5.59142677048e-07
100.689819336 7.79948209129e-07
124.150543213 1.54194344759e-06
103.519447327 1.25777103221e-06
114.924705505 1.22570111216e-06
119.526725769 1.01761452242e-06
135.357650757 8.68350696237e-07
110.056900024 1.37747997542e-06
123.499641418 7.46767341298e-07
98.7701416016 8.9788824198e-07
116.041595459 1.25310862131e-06
110.618812561 6.35235835489e-07
108.930252075 1.49264269567e-06
125.442054749 1.46148306612e-06
90.3596878052 7.7842474866e-07
126.082603455 8.91947536275e-07
117.568717957 6.62570585064e-07
111.203933716 6.6606372684e-07
112.416755676 1.01053581147e-06
98.9979553223 1.21537107134e-06
112.896736145 6.22320158072e-07
104.433685303 8.76364197211e-07
94.3570861816 6.31097861969e-07
106.475143433 1.3101047216e-06
112.918830872 9.42685574046e-07
114.107872009 8.86940767941e-07
112.093261719 1.03572938315e-06
119.76612854 8.47668047754e-07
115.355567932 1.34961067033e-06
106.44153595 8.58373255141e-07
114.592720032 6.75124397276e-07
111.9557724 8.49180025853e-07
98.5924301147 7.52430480588e-07
110.383331299 1.16104104109e-06
101.654960632 9.62971967056e-07
110.616783142 1.3235063534e-06
107.311576843 5.38180358944e-07
117.895050049 9.79554556579e-07
130.587036133 1.54802876295e-06
117.303527832 1.30540627197e-06
104.924240112 1.23316681311e-06
107.184318542 5.46168962501e-07
112.200843811 1.14688293706e-06
110.179901123 5.87518002249e-07
106.890449524 5.69455551158e-07
118.660041809 7.36460322059e-07
106.988166809 1.25534165818e-06
97.8449935913 1.21423499877e-06
116.609008789 6.60714420064e-07
85.0688781738 4.8320003998e-07
112.826980591 5.57204316465e-07
126.188278198 1.42665339808e-06
126.263069153 7.16672616363e-07
121.945571899 9.66548896031e-07
112.926795959 9.85722294899e-07
117.241386414 5.70794099986e-07
97.7935638428 1.02066189811e-06
116.457168579 9.37392201195e-07
114.085945129 5.05354876168e-07
109.954338074 8.20959769499e-07
119.551277161 8.45682791351e-07
125.702354431 9.77254558165e-07
105.441040039 1.02060334939e-06
118.280342102 6.79341781051e-07
114.25163269 6.95904361692e-07
116.54460144 1.03307593236e-06
107.746986389 1.05246340354e-06
111.926185608 8.77499587659e-07
119.864341736 6.11266500528e-07
95.5707015991 5.27854695065e-07
111.861755371 6.67125107157e-07
108.973121643 5.88386569689e-07
104.981689453 7.21827689176e-07
113.414039612 7.29677537947e-07
110.604125977 6.85051702476e-07
119.257591248 9.97786401058e-07
109.253486633 6.51755783565e-07
105.367378235 8.27207202292e-07
102.656829834 8.75977832493e-07
101.875068665 1.31192939534e-06
97.5716705322 7.43394934943e-07
121.299430847 1.21466382552e-06
94.5316696167 1.19247079056e-06
94.627784729 6.13150064055e-07
123.706108093 1.66935035395e-06
117.642700195 7.44163287436e-07
106.806968689 1.12677685138e-06
105.570243835 8.77785112152e-07
99.6345291138 9.91621163848e-07
121.159378052 7.91242655396e-07
84.0543518066 3.76801182256e-07
94.3375854492 1.48050241933e-06
104.807624817 1.39898861562e-06
114.078102112 1.46704996951e-06
105.117324829 1.48628510033e-06
85.7608032227 9.7846270819e-07
128.544418335 1.16463934319e-06
117.963226318 5.46647015653e-07
116.426338196 7.5069004879e-07
125.881507874 1.0424124639e-06
109.602203369 7.81977746556e-07
113.454101562 1.28779595343e-06
110.466072083 7.67325843753e-07
120.499305725 1.30114653984e-06
97.1583023071 1.20309482554e-06
108.518104553 9.93882849798e-07
122.765846252 1.37840720527e-06
106.927032471 1.72354918959e-06
112.806777954 1.04086234387e-06
122.456588745 1.01922796603e-06
102.01839447 9.03965997168e-07
110.9894104 5.86081227993e-07
123.180770874 7.54481391141e-07
121.906723022 1.30051114411e-06
100.178138733 8.98759935808e-07
104.582221985 8.97672634892e-07
121.225013733 8.03186935627e-07
115.696395874 1.28313274672e-06
94.8065643311 7.81316714438e-07
117.068145752 6.96512870491e-07
91.1001052856 8.92808827757e-07
115.548072815 2.03258673537e-06
98.5456924438 7.40044526992e-07
108.647674561 1.09252084712e-06
124.189071655 7.93856145265e-07
111.483734131 6.48713751161e-07
108.715499878 5.79497452691e-07
97.7846603394 6.20751734459e-07
101.170089722 5.01802560393e-07
111.246818542 5.46310957361e-07
114.824417114 1.19574599466e-06
128.195327759 1.54720362389e-06
122.668968201 1.68562723957e-06
125.636878967 8.24063704385e-07
116.275527954 6.87016211032e-07
112.079071045 9.43826250932e-07
130.709030151 9.55057885221e-07
109.459983826 1.28641295305e-06
126.59866333 1.20760330447e-06
122.325927734 1.58134821504e-06
108.499328613 1.01661919416e-06
114.201698303 1.28550607315e-06
106.843574524 1.38396080729e-06
105.967376709 8.95580967608e-07
109.386795044 6.37409186766e-07
111.911682129 7.47702642911e-07
115.057502747 7.60377872666e-07
105.432777405 4.85713940179e-07
101.060165405 6.38327719571e-07
121.906608582 1.51898473177e-06
106.24155426 7.53823883315e-07
105.184135437 5.88648219946e-07
108.400848389 9.41306950608e-07
117.153274536 6.55757219192e-07
111.641952515 8.08628101368e-07
124.903465271 1.14413239771e-06
126.453575134 6.83408018176e-07
122.435310364 1.33817786718e-06
109.022994995 7.91319848759e-07
103.155532837 6.15191993347e-07
127.611923218 1.7161970618e-06
115.807632446 1.15419618396e-06
108.733947754 1.17163324376e-06
128.534332275 1.1377806004e-06
116.737823486 9.67487380876e-07
122.355995178 9.03814452613e-07
112.748878479 1.15292311875e-06
105.206459045 6.08693369486e-07
95.0634994507 5.39392829069e-07
117.463050842 6.07574463629e-07
95.1442565918 9.32966258915e-07
124.277153015 1.65222434134e-06
132.376953125 1.01934324448e-06
112.29271698 9.40637448821e-07
111.505767822 6.74641114529e-07
122.155532837 9.35800244406e-07
100.725227356 5.26870621798e-07
117.13633728 8.2133072965e-07
113.547096252 7.01114345247e-07
105.424362183 8.08890774806e-07
111.83228302 1.53088035404e-06
120.419593811 6.98377903063e-07
116.009765625 9.82205392575e-07
100.808555603 9.46048317019e-07
109.890144348 8.35871730942e-07
99.3214797974 5.57897806175e-07
126.971199036 1.07058292542e-06
108.317939758 1.22358699173e-06
124.41242981 7.21939500181e-07
115.929908752 6.17756199972e-07
116.127639771 8.85192491751e-07
128.422576904 9.11213419386e-07
103.660804749 1.4858663917e-06
117.869010925 7.1848700145e-07
125.731872559 8.46033742619e-07
93.545135498 1.02341550701e-06
108.209983826 7.0387454798e-07
120.377998352 1.64220296028e-06
111.65612793 5.84718918617e-07
98.3719024658 1.14382112315e-06
123.964195251 8.15214264094e-07
116.144638062 1.34900483317e-06
121.954818726 9.21020671285e-07
108.788391113 1.33299920435e-06
115.851623535 8.66464290539e-07
115.538825989 1.51489484779e-06
118.799568176 8.79394576714e-07
127.596496582 9.22754566091e-07
113.935348511 6.4884159201e-07
101.810081482 9.81163566394e-07
107.566337585 9.05382307792e-07
108.191139221 1.29887803269e-06
117.342842102 1.69371355696e-06
118.139907837 5.30508202701e-07
105.757362366 7.3872934081e-07
99.9052429199 5.97371752065e-07
105.950752258 1.00369663869e-06
122.724624634 6.98631936302e-07
123.076087952 1.53699215844e-06
110.452537537 8.15522014364e-07
96.1620254517 9.7130453014e-07
102.838516235 7.99731196821e-07
92.2718887329 5.22582183748e-07
97.6965942383 5.56236102511e-07
112.678077698 1.08817096134e-06
114.809333801 6.01819920121e-07
117.584739685 5.94592506786e-07
98.6056289673 9.36860146794e-07
113.377502441 7.57803888973e-07
103.970062256 8.75606531281e-07
98.8511199951 8.95128437151e-07
115.82043457 8.59802355535e-07
105.526954651 6.09527603501e-07
119.54460907 1.14370618576e-06
108.663703918 6.71461805268e-07
115.515029907 1.0374900512e-06
97.1781692505 9.50222499796e-07
96.6437835693 6.39129893898e-07
112.659881592 8.28132613151e-07
104.670303345 8.26915368179e-07
119.593009949 7.53131075726e-07
114.256492615 9.47751232161e-07
104.153579712 7.77012985509e-07
123.164321899 6.41206270302e-07
98.7848510742 6.63131118017e-07
132.278793335 1.6759971686e-06
99.6301422119 4.41708209564e-07
89.4254608154 7.83585392128e-07
122.083717346 7.3623903063e-07
128.412811279 1.45572403198e-06
126.014274597 1.45709589106e-06
105.972190857 1.16908131531e-06
116.858024597 9.37577226523e-07
108.903755188 6.64752633384e-07
120.963470459 8.50878848269e-07
126.328475952 8.19418971787e-07
100.648246765 1.09126995085e-06
119.925827026 8.90701414846e-07
91.6638565063 5.10108463914e-07
114.572570801 8.49473849485e-07
96.1222991943 8.77145907907e-07
109.226753235 1.7046766061e-06
110.54309845 7.35369383165e-07
111.070358276 8.37336187942e-07
104.427536011 5.22967638972e-07
108.234336853 6.59488023302e-07
105.519699097 1.02341334696e-06
95.2855758667 1.08709366486e-06
112.737380981 7.73591864345e-07
120.921447754 1.28372221297e-06
113.305519104 8.36138440263e-07
100.430580139 9.71771100922e-07
129.086608887 9.03987938727e-07
112.325027466 8.3234124304e-07
103.12739563 1.00445583939e-06
101.115066528 7.89776890997e-07
111.515007019 1.12234590688e-06
104.220718384 8.92727427981e-07
127.65158844 1.05337983314e-06
104.741355896 1.00143120108e-06
116.155769348 9.65489562077e-07
136.233108521 1.05564015485e-06
92.0932846069 1.01132945929e-06
116.384117126 8.58013549987e-07
99.4288024902 8.10447090771e-07
114.124908447 8.17303885015e-07
124.203727722 1.21488130844e-06
101.880699158 8.71327529239e-07
122.976425171 1.3792067648e-06
99.3917617798 1.40605789056e-06
116.760665894 6.89390333264e-07
102.967735291 4.74648601312e-07
93.9514770508 5.37681671631e-07
100.049263 9.45972260524e-07
124.112869263 1.09101176804e-06
113.681808472 1.23980646549e-06
107.411811829 5.83501844176e-07
105.201797485 1.16691467156e-06
133.928512573 1.00534623471e-06
115.682121277 1.04697460301e-06
111.332252502 1.35750337904e-06
105.123092651 8.83717859779e-07
106.20110321 4.51000772728e-07
109.857170105 8.56882365952e-07
127.909606934 8.48229717576e-07
107.256492615 1.05592778255e-06
122.317092896 7.9213390336e-07
128.728851318 7.44640715311e-07
90.476890564 6.34863226878e-07
95.8327636719 8.0227351873e-07
105.5235672 8.93332810392e-07
91.0970993042 4.88892510475e-07
129.817703247 8.40067741592e-07
89.0314407349 6.51749189728e-07
96.3718643188 5.74155478716e-07
118.437980652 1.04336095319e-06
94.8216552734 9.22715116758e-07
88.4988250732 1.06606887584e-06
108.559814453 1.00703698536e-06
87.5890579224 6.84788119543e-07
122.420310974 9.830378076e-07
103.835716248 1.13972623694e-06
126.451622009 1.07517723791e-06
96.5686035156 5.26955830082e-07
105.188453674 6.99354416156e-07
118.531188965 9.00087286482e-07
117.11190033 1.09215704924e-06
110.901580811 9.5554901236e-07
116.029968262 9.54386564445e-07
133.109832764 1.5586704194e-06
109.836639404 1.19189974157e-06
105.62046051 9.10392373044e-07
97.3487091064 6.02047805387e-07
120.273445129 7.97769530436e-07
98.8453674316 8.78750540778e-07
110.156791687 7.9520862073e-07
101.744270325 7.96470715159e-07
106.438270569 1.18265188576e-06
91.3191299438 1.00140880477e-06
114.504608154 6.03763112395e-07
93.5301589966 8.79625872585e-07
113.8539505 8.07589401575e-07
122.322052002 1.00983288576e-06
122.251464844 1.15292436931e-06
111.277809143 1.51023368744e-06
107.744216919 1.08102642571e-06
114.499938965 6.9063310093e-07
96.9348602295 7.22473714632e-07
107.230812073 9.74240947471e-07
100.736106873 7.50654749027e-07
107.054283142 9.48473200424e-07
91.6526870728 9.18796501992e-07
99.8512039185 1.06573168068e-06
124.330757141 9.03658644802e-07
125.250450134 6.86568512265e-07
110.031951904 1.02462058749e-06
91.9960403442 1.13666260404e-06
115.456573486 7.52928883685e-07
118.519561768 6.55049120724e-07
112.260314941 1.47841444686e-06
124.438209534 7.35863693535e-07
131.871704102 1.02151454939e-06
128.279678345 1.03360628145e-06
106.278327942 1.07283426587e-06
103.608634949 8.82403185187e-07
108.468681335 6.94916934663e-07
104.714073181 7.55374458095e-07
99.2978744507 1.14775207294e-06
97.307182312 8.13711722003e-07
115.60483551 6.07709523592e-07
112.055137634 1.13698922632e-06
107.535758972 5.08492462359e-07
138.591690063 1.17366755603e-06
101.650543213 9.26677785174e-07
102.838829041 1.0209996617e-06
97.9665298462 4.86090982577e-07
